      0 6709.06       0       0       0       0       0       0       0       0       0       0       0       0       0       0       0       0       0       0       0       0       0       0       0       0       0       0       0       0       0       0       0       0       0       0       0       0       0       0       0       0       0       0       0       0       0       0       0       0       0       0       0       0       0       0       0       0       0       0       0       0       0       0       0       0       0       0       0       0       0       0       0       0
6709.06       0 7470.59       0       0 6937.97 8713.96 8968.97       0 8734.08       0       0       0       0       0       0       0       0       0       0       0       0       0       0       0       0       0       0       0       0       0       0       0       0       0       0       0       0       0       0       0       0       0       0       0       0       0       0       0       0       0       0       0       0       0       0       0       0       0       0       0       0       0       0       0       0       0       0       0       0       0       0       0       0
      0 7470.59       0 1067.12       0       0 1914.64 3247.56 5017.13       0       0       0       0       0       0       0       0       0       0       0       0       0       0       0       0       0       0       0       0       0       0       0       0       0       0       0       0       0       0       0       0       0       0       0       0       0       0       0       0       0       0       0       0       0       0       0       0       0       0       0       0       0       0       0       0       0       0       0       0       0       0       0       0       0
      0       0 1067.12       0  1189.3 2536.82 8890.22       0       0       0       0       0       0       0       0       0       0       0       0       0       0       0       0       0       0       0       0       0       0       0       0       0       0       0       0       0       0       0       0       0       0       0       0       0       0       0       0       0       0       0       0       0       0       0       0       0       0       0       0       0       0       0       0       0       0       0       0       0       0       0       0       0       0       0
      0       0       0  1189.3       0 886.026 4562.69  4843.5       0       0       0       0       0       0       0       0       0       0       0       0       0       0       0       0       0       0       0       0       0       0       0       0       0       0       0       0       0       0       0       0       0       0       0       0       0       0       0       0       0       0       0       0       0       0       0       0       0       0       0       0       0       0       0       0       0       0       0       0       0       0       0       0       0       0
      0 6937.97       0 2536.82 886.026       0 656.771 2371.48 6847.97       0       0       0       0       0       0       0       0       0       0       0       0       0       0       0       0       0       0       0       0       0       0       0       0       0       0       0       0       0       0  6810.4       0       0       0       0       0       0       0       0       0       0       0       0       0       0       0       0       0       0       0       0       0       0       0       0       0       0 7790.64       0       0       0       0       0       0       0
      0 8713.96 1914.64 8890.22 4562.69 656.771       0  549.87 1531.09 1216.64 7570.29 5232.82       0       0       0       0       0       0       0       0       0       0       0       0       0       0       0       0       0       0       0       0       0       0       0       0 3947.08       0 2074.68 4925.82 2852.71       0       0       0       0       0       0       0       0       0       0       0       0       0       0       0       0       0       0       0       0       0 4985.19       0 8324.37       0       0 5412.95 6081.01 6843.97       0       0       0       0
      0 8968.97 3247.56       0  4843.5 2371.48  549.87       0  534.47    1223 637.239 1408.44 752.481 7889.06       0       0       0       0       0       0       0       0       0       0       0       0       0       0       0       0       0       0       0       0       0       0 3946.84 3817.29 3323.61       0 1651.28 2905.37 8142.63       0       0       0       0       0       0       0       0       0       0       0       0       0       0       0       0       0       0       0       0       0       0 6280.62 7800.61 3177.19       0       0       0       0       0       0
      0       0 5017.13       0       0 6847.97 1531.09  534.47       0 266.179 1091.77 1114.38 1832.61       0 5574.68       0       0       0       0       0       0       0       0       0       0       0       0       0       0       0       0       0       0       0       0 4867.64       0 6746.28       0       0 3388.75       0       0       0       0       0       0       0       0       0       0       0       0       0       0       0       0       0       0       0       0       0       0       0       0       0       0 3138.37       0       0       0       0       0       0
      0 8734.08       0       0       0       0 1216.64    1223 266.179       0 379.694 533.983 1149.55       0       0       0       0       0       0       0       0       0       0       0       0       0       0       0       0       0       0       0       0       0       0       0       0       0 3806.76 4382.95 6217.67 5151.11 4896.46       0       0       0       0       0       0       0       0       0       0       0       0       0       0       0       0       0       0       0       0       0 6142.89       0       0 1935.53       0       0       0       0       0       0
      0       0       0       0       0       0 7570.29 637.239 1091.77 379.694       0 62.2761 265.815       0       0       0       0       0       0       0       0       0       0       0       0       0       0       0       0       0       0       0       0       0       0       0       0       0 7485.61       0 2847.71 8607.33       0       0       0       0       0       0       0       0       0       0       0       0       0       0       0       0       0       0       0       0       0       0       0 5331.74       0 301.913       0       0       0       0       0       0
      0       0       0       0       0       0 5232.82 1408.44 1114.38 533.983 62.2761       0 1731.15 7894.53       0       0       0       0       0       0       0       0       0       0       0       0       0       0       0       0       0       0       0       0       0       0       0       0       0       0 6570.69 4245.09       0       0       0       0       0       0       0       0       0       0       0       0       0       0       0       0       0       0       0       0       0       0       0       0 4617.61 2252.53       0       0       0       0       0       0
      0       0       0       0       0       0       0 752.481 1832.61 1149.55 265.815 1731.15       0       0       0       0       0       0       0       0       0       0       0       0       0       0       0       0       0       0       0       0       0       0       0       0       0       0       0       0       0       0       0  6673.1       0       0       0       0       0       0       0       0       0       0       0       0       0       0       0       0       0       0       0       0       0       0       0       0       0       0       0       0       0       0
      0       0       0       0       0       0       0 7889.06       0       0       0 7894.53       0       0 1039.31  2470.3 2472.29       0       0       0       0       0       0       0       0       0       0       0       0       0       0       0       0       0       0       0       0       0       0 5646.23       0 8173.02       0 6608.82       0 6908.84       0       0       0       0       0       0       0       0       0       0       0       0       0       0       0       0       0       0       0       0       0       0       0       0       0       0       0       0
      0       0       0       0       0       0       0       0 5574.68       0       0       0       0 1039.31       0 1972.82 2038.27       0       0       0       0       0       0       0       0       0       0       0       0       0       0       0       0       0       0       0       0       0       0       0       0       0       0 6775.09       0       0       0       0       0       0       0       0       0       0       0       0       0       0       0       0       0       0       0       0       0       0       0       0       0       0       0       0       0       0
      0       0       0       0       0       0       0       0       0       0       0       0       0  2470.3 1972.82       0 3248.42 5109.84       0       0       0       0       0       0       0       0       0       0       0       0       0       0       0       0       0       0       0       0       0       0       0       0 7497.34       0       0       0       0       0       0       0       0       0       0       0       0       0       0       0       0       0       0       0       0       0       0       0       0       0       0       0       0       0       0       0
      0       0       0       0       0       0       0       0       0       0       0       0       0 2472.29 2038.27 3248.42       0 4677.64 2931.45       0       0       0       0       0       0       0       0       0       0       0       0       0       0       0       0       0       0       0       0       0       0       0       0       0       0       0       0       0       0       0       0       0       0       0       0       0       0       0       0       0       0       0       0       0       0       0       0       0       0       0       0       0       0       0
      0       0       0       0       0       0       0       0       0       0       0       0       0       0       0 5109.84 4677.64       0 1581.92 4519.14       0       0       0       0       0       0       0       0       0       0       0       0       0       0       0       0       0       0       0       0       0       0       0       0       0       0       0       0       0       0       0       0       0       0       0       0       0       0       0       0       0       0       0       0       0       0       0       0       0       0       0       0       0       0
      0       0       0       0       0       0       0       0       0       0       0       0       0       0       0       0 2931.45 1581.92       0  448.74 1211.95 6653.58       0       0       0       0       0       0       0       0       0       0       0       0       0       0       0       0       0       0       0       0       0       0       0       0       0       0       0       0       0       0       0       0       0       0       0       0       0       0       0       0       0       0       0       0       0       0       0       0       0       0       0       0
      0       0       0       0       0       0       0       0       0       0       0       0       0       0       0       0       0 4519.14  448.74       0 4425.84 7094.67       0       0       0       0       0       0       0       0       0       0       0       0       0       0       0       0       0       0       0       0       0       0       0       0       0       0       0       0       0       0       0       0       0       0       0       0       0       0       0       0       0       0       0       0       0       0       0       0       0       0       0       0
      0       0       0       0       0       0       0       0       0       0       0       0       0       0       0       0       0       0 1211.95 4425.84       0 6442.46       0  5564.2 7249.08       0       0       0       0       0       0       0       0       0       0       0       0       0       0       0       0       0       0       0       0       0       0       0       0       0       0       0       0       0       0       0       0       0       0       0       0       0       0       0       0       0       0       0       0       0       0       0       0       0
      0       0       0       0       0       0       0       0       0       0       0       0       0       0       0       0       0       0 6653.58 7094.67 6442.46       0 799.496 5373.52       0       0       0       0       0       0       0       0       0       0       0       0       0       0       0       0       0       0       0       0       0       0       0       0       0       0       0       0       0       0       0       0       0       0       0       0       0       0       0       0       0       0       0       0       0       0       0       0       0       0
      0       0       0       0       0       0       0       0       0       0       0       0       0       0       0       0       0       0       0       0       0 799.496       0 675.031 2485.54 8809.64       0       0       0       0       0       0       0       0       0       0       0       0       0       0       0       0       0       0       0       0       0       0       0       0       0       0       0       0       0       0       0       0       0       0       0       0       0       0       0       0       0       0       0       0       0       0       0       0
      0       0       0       0       0       0       0       0       0       0       0       0       0       0       0       0       0       0       0       0  5564.2 5373.52 675.031       0 573.706 3927.75 3230.55       0 2621.74       0       0       0       0       0       0       0       0       0       0       0       0       0       0       0       0       0       0       0       0       0       0       0       0       0       0       0       0       0       0       0       0       0       0       0       0       0       0       0       0       0       0       0       0       0
      0       0       0       0       0       0       0       0       0       0       0       0       0       0       0       0       0       0       0       0 7249.08       0 2485.54 573.706       0 1317.68 1338.79 8703.69       0       0       0       0       0       0       0       0       0       0       0       0       0       0       0       0       0       0       0       0       0       0       0       0       0       0       0       0       0       0       0       0       0       0       0       0       0       0       0       0       0       0       0       0       0       0
      0       0       0       0       0       0       0       0       0       0       0       0       0       0       0       0       0       0       0       0       0       0 8809.64 3927.75 1317.68       0 617.305 1283.75       0       0       0       0       0       0       0       0       0       0       0       0       0       0       0       0       0       0       0       0       0       0       0       0       0       0       0       0       0       0       0       0       0       0       0       0       0       0       0       0       0       0       0       0       0       0
      0       0       0       0       0       0       0       0       0       0       0       0       0       0       0       0       0       0       0       0       0       0       0 3230.55 1338.79 617.305       0 1429.16       0 5414.19       0       0       0       0       0       0       0       0       0       0       0       0       0       0       0       0       0       0       0       0       0       0       0       0       0       0       0       0       0       0       0       0       0       0       0       0       0       0       0       0       0       0       0       0
      0       0       0       0       0       0       0       0       0       0       0       0       0       0       0       0       0       0       0       0       0       0       0       0 8703.69 1283.75 1429.16       0 603.631 6885.97 2736.29       0       0       0       0       0       0       0       0       0       0       0       0       0       0       0       0       0       0       0       0       0       0       0       0       0       0       0       0       0       0       0       0       0       0       0       0       0       0       0       0       0       0       0
      0       0       0       0       0       0       0       0       0       0       0       0       0       0       0       0       0       0       0       0       0       0       0 2621.74       0       0       0 603.631       0 2334.88       0       0       0       0       0       0       0       0       0       0       0       0       0       0       0       0       0       0       0       0       0       0       0       0       0       0       0       0       0       0       0       0       0       0       0       0       0       0       0       0       0       0       0       0
      0       0       0       0       0       0       0       0       0       0       0       0       0       0       0       0       0       0       0       0       0       0       0       0       0       0 5414.19 6885.97 2334.88       0 2577.49       0       0       0       0       0       0       0       0       0       0       0       0       0       0       0       0       0       0       0       0       0       0       0       0       0       0       0       0       0       0       0       0       0       0       0       0       0       0       0       0       0       0       0
      0       0       0       0       0       0       0       0       0       0       0       0       0       0       0       0       0       0       0       0       0       0       0       0       0       0       0 2736.29       0 2577.49       0 931.064       0       0       0       0       0       0       0       0       0       0       0       0       0       0       0       0       0       0       0       0       0       0       0       0       0       0       0       0       0       0       0       0       0       0       0       0       0       0       0       0       0       0
      0       0       0       0       0       0       0       0       0       0       0       0       0       0       0       0       0       0       0       0       0       0       0       0       0       0       0       0       0       0 931.064       0 39833.7       0 4313.85       0       0       0       0       0       0       0       0       0       0       0       0       0       0       0       0       0       0       0       0       0       0       0       0       0 7502.15 6956.25       0       0       0       0       0       0       0       0       0       0       0       0
      0       0       0       0       0       0       0       0       0       0       0       0       0       0       0       0       0       0       0       0       0       0       0       0       0       0       0       0       0       0       0 39833.7       0 832.274 3594.87       0       0       0       0       0       0       0       0       0       0       0       0       0       0       0       0       0       0       0       0       0       0       0       0       0       0       0       0       0       0       0       0       0       0       0       0       0       0       0
      0       0       0       0       0       0       0       0       0       0       0       0       0       0       0       0       0       0       0       0       0       0       0       0       0       0       0       0       0       0       0       0 832.274       0 5315.81       0 8866.94       0       0 2354.81       0       0       0       0       0       0       0       0       0       0       0       0       0       0       0       0       0       0       0       0       0       0       0       0 8388.28       0       0       0       0       0       0       0       0       0
      0       0       0       0       0       0       0       0       0       0       0       0       0       0       0       0       0       0       0       0       0       0       0       0       0       0       0       0       0       0       0 4313.85 3594.87 5315.81       0 6839.53 6755.51 2602.09       0       0       0       0       0       0       0       0       0       0       0       0       0       0       0       0       0       0       0       0       0       0       0       0       0       0       0       0       0       0       0       0       0       0       0       0
      0       0       0       0       0       0       0       0 4867.64       0       0       0       0       0       0       0       0       0       0       0       0       0       0       0       0       0       0       0       0       0       0       0       0       0 6839.53       0  1430.7 2768.57 6864.96 5693.16       0       0       0       0       0       0       0       0       0       0       0       0       0       0       0       0       0       0       0       0       0       0       0 5573.53 7759.79 7753.79 5348.51       0       0 206.432       0       0       0       0
      0       0       0       0       0       0 3947.08 3946.84       0       0       0       0       0       0       0       0       0       0       0       0       0       0       0       0       0       0       0       0       0       0       0       0       0 8866.94 6755.51  1430.7       0 3400.61 813.745 1665.14       0       0       0       0       0       0       0       0       0       0       0       0       0       0       0       0       0       0       0       0       0       0       0 4108.16 4299.31  2782.9 5936.57       0       0 2319.92       0       0       0       0
      0       0       0       0       0       0       0 3817.29 6746.28       0       0       0       0       0       0       0       0       0       0       0       0       0       0       0       0       0       0       0       0       0       0       0       0       0 2602.09 2768.57 3400.61       0 534.519 1748.21       0       0       0       0       0       0       0       0       0       0       0       0       0       0       0       0       0       0       0       0       0       0 7762.54 3959.63 8926.74 662.778 1343.41 8505.39 1172.28 411.467       0       0       0       0
      0       0       0       0       0       0 2074.68 3323.61       0 3806.76 7485.61       0       0       0       0       0       0       0       0       0       0       0       0       0       0       0       0       0       0       0       0       0       0       0       0 6864.96 813.745 534.519       0 552.152 855.308       0       0       0       0       0       0       0       0       0       0       0       0       0       0       0       0       0       0       0       0       0       0 5157.67 8285.56 1288.86 2491.72 3556.18       0       0       0       0       0       0
      0       0       0       0       0  6810.4 4925.82       0       0 4382.95       0       0       0 5646.23       0       0       0       0       0       0       0       0       0       0       0       0       0       0       0       0       0       0       0 2354.81       0 5693.16 1665.14 1748.21 552.152       0 815.727       0       0       0       0       0       0       0       0       0       0       0       0       0       0       0       0       0       0       0       0       0       0       0 1941.75  1124.3 2085.41  1224.3       0       0       0       0       0       0
      0       0       0       0       0       0 2852.71 1651.28 3388.75 6217.67 2847.71 6570.69       0       0       0       0       0       0       0       0       0       0       0       0       0       0       0       0       0       0       0       0       0       0       0       0       0       0 855.308 815.727       0 553.613 2029.97       0       0       0       0       0       0       0       0       0       0       0       0       0       0       0       0       0       0       0       0       0 2207.52       0 4641.56 306.332 2283.58       0       0       0       0       0
      0       0       0       0       0       0       0 2905.37       0 5151.11 8607.33 4245.09       0 8173.02       0       0       0       0       0       0       0       0       0       0       0       0       0       0       0       0       0       0       0       0       0       0       0       0       0       0 553.613       0 930.477 3183.76       0       0       0       0       0       0       0       0       0       0       0       0       0       0       0       0       0       0       0       0       0       0 1302.75 878.116       0       0       0       0       0       0
      0       0       0       0       0       0       0 8142.63       0 4896.46       0       0       0       0       0 7497.34       0       0       0       0       0       0       0       0       0       0       0       0       0       0       0       0       0       0       0       0       0       0       0       0 2029.97 930.477       0 340.867 5568.27 6677.59       0       0       0       0       0       0       0       0       0       0       0       0       0       0       0       0       0       0       0       0 7938.03 463.499       0       0       0       0       0       0
      0       0       0       0       0       0       0       0       0       0       0       0  6673.1 6608.82 6775.09       0       0       0       0       0       0       0       0       0       0       0       0       0       0       0       0       0       0       0       0       0       0       0       0       0       0 3183.76 340.867       0 3265.22 4667.07       0       0       0       0       0       0       0       0       0       0       0       0       0       0       0       0       0       0       0       0       0       0       0       0       0       0       0       0
      0       0       0       0       0       0       0       0       0       0       0       0       0       0       0       0       0       0       0       0       0       0       0       0       0       0       0       0       0       0       0       0       0       0       0       0       0       0       0       0       0       0 5568.27 3265.22       0 1411.92 4795.29       0       0       0       0       0       0       0       0       0       0       0       0       0       0       0       0       0       0       0       0       0       0       0       0       0       0       0
      0       0       0       0       0       0       0       0       0       0       0       0       0 6908.84       0       0       0       0       0       0       0       0       0       0       0       0       0       0       0       0       0       0       0       0       0       0       0       0       0       0       0       0 6677.59 4667.07 1411.92       0  1053.3       0       0       0       0       0       0       0       0       0       0       0       0       0       0       0       0       0       0       0       0       0       0       0       0       0       0       0
      0       0       0       0       0       0       0       0       0       0       0       0       0       0       0       0       0       0       0       0       0       0       0       0       0       0       0       0       0       0       0       0       0       0       0       0       0       0       0       0       0       0       0       0 4795.29  1053.3       0 879.365 4437.73 4944.43       0       0       0       0       0       0       0       0       0       0       0       0       0       0       0       0       0       0       0       0       0       0       0       0
      0       0       0       0       0       0       0       0       0       0       0       0       0       0       0       0       0       0       0       0       0       0       0       0       0       0       0       0       0       0       0       0       0       0       0       0       0       0       0       0       0       0       0       0       0       0 879.365       0 586.403 4568.54       0       0       0       0       0       0       0       0       0       0       0       0       0       0       0       0       0       0       0       0       0       0       0       0
      0       0       0       0       0       0       0       0       0       0       0       0       0       0       0       0       0       0       0       0       0       0       0       0       0       0       0       0       0       0       0       0       0       0       0       0       0       0       0       0       0       0       0       0       0       0 4437.73 586.403       0 1431.22 6017.08       0       0       0       0       0       0       0       0       0       0       0       0       0       0       0       0       0       0       0       0       0       0       0
      0       0       0       0       0       0       0       0       0       0       0       0       0       0       0       0       0       0       0       0       0       0       0       0       0       0       0       0       0       0       0       0       0       0       0       0       0       0       0       0       0       0       0       0       0       0 4944.43 4568.54 1431.22       0 2643.67 1528.91       0       0       0       0       0       0       0       0       0       0       0       0       0       0       0       0       0       0       0       0       0       0
      0       0       0       0       0       0       0       0       0       0       0       0       0       0       0       0       0       0       0       0       0       0       0       0       0       0       0       0       0       0       0       0       0       0       0       0       0       0       0       0       0       0       0       0       0       0       0       0 6017.08 2643.67       0 1113.96       0       0       0       0       0       0       0       0       0       0       0       0       0       0       0       0       0       0       0       0       0       0
      0       0       0       0       0       0       0       0       0       0       0       0       0       0       0       0       0       0       0       0       0       0       0       0       0       0       0       0       0       0       0       0       0       0       0       0       0       0       0       0       0       0       0       0       0       0       0       0       0 1528.91 1113.96       0 668.772 3245.05       0       0       0       0       0       0       0       0       0       0       0       0       0       0       0       0       0       0       0       0
      0       0       0       0       0       0       0       0       0       0       0       0       0       0       0       0       0       0       0       0       0       0       0       0       0       0       0       0       0       0       0       0       0       0       0       0       0       0       0       0       0       0       0       0       0       0       0       0       0       0       0 668.772       0 1065.06 154.558 788.407       0       0       0       0       0       0       0       0       0       0       0       0       0       0       0       0       0       0
      0       0       0       0       0       0       0       0       0       0       0       0       0       0       0       0       0       0       0       0       0       0       0       0       0       0       0       0       0       0       0       0       0       0       0       0       0       0       0       0       0       0       0       0       0       0       0       0       0       0       0 3245.05 1065.06       0 887.764 197.251       0       0       0       0       0       0       0       0       0       0       0       0       0       0       0       0       0       0
      0       0       0       0       0       0       0       0       0       0       0       0       0       0       0       0       0       0       0       0       0       0       0       0       0       0       0       0       0       0       0       0       0       0       0       0       0       0       0       0       0       0       0       0       0       0       0       0       0       0       0       0 154.558 887.764       0  1313.4 663.475       0       0       0       0       0       0       0       0       0       0       0       0       0       0       0       0       0
      0       0       0       0       0       0       0       0       0       0       0       0       0       0       0       0       0       0       0       0       0       0       0       0       0       0       0       0       0       0       0       0       0       0       0       0       0       0       0       0       0       0       0       0       0       0       0       0       0       0       0       0 788.407 197.251  1313.4       0 33955.5       0 3235.96       0       0       0       0       0       0       0       0       0       0       0       0       0       0       0
      0       0       0       0       0       0       0       0       0       0       0       0       0       0       0       0       0       0       0       0       0       0       0       0       0       0       0       0       0       0       0       0       0       0       0       0       0       0       0       0       0       0       0       0       0       0       0       0       0       0       0       0       0       0 663.475 33955.5       0 517.093 6506.01 3686.85 2231.84       0 5981.42       0       0       0       0       0       0       0       0       0       0       0
      0       0       0       0       0       0       0       0       0       0       0       0       0       0       0       0       0       0       0       0       0       0       0       0       0       0       0       0       0       0       0       0       0       0       0       0       0       0       0       0       0       0       0       0       0       0       0       0       0       0       0       0       0       0       0       0 517.093       0 1447.85 437.426 4007.21 4344.71       0       0       0       0       0       0       0       0       0       0       0       0
      0       0       0       0       0       0       0       0       0       0       0       0       0       0       0       0       0       0       0       0       0       0       0       0       0       0       0       0       0       0       0       0       0       0       0       0       0       0       0       0       0       0       0       0       0       0       0       0       0       0       0       0       0       0       0 3235.96 6506.01 1447.85       0  491.23 2156.24 5967.59       0       0       0       0       0       0       0       0       0       0       0       0
      0       0       0       0       0       0       0       0       0       0       0       0       0       0       0       0       0       0       0       0       0       0       0       0       0       0       0       0       0       0       0       0       0       0       0       0       0       0       0       0       0       0       0       0       0       0       0       0       0       0       0       0       0       0       0       0 3686.85 437.426  491.23       0 244.326 1138.41 1350.29 1037.14       0       0       0       0       0       0       0       0       0       0
      0       0       0       0       0       0       0       0       0       0       0       0       0       0       0       0       0       0       0       0       0       0       0       0       0       0       0       0       0       0       0 7502.15       0       0       0       0       0       0       0       0       0       0       0       0       0       0       0       0       0       0       0       0       0       0       0       0 2231.84 4007.21 2156.24 244.326       0 477.921  881.53 993.438       0       0       0       0       0       0       0       0       0       0
      0       0       0       0       0       0       0       0       0       0       0       0       0       0       0       0       0       0       0       0       0       0       0       0       0       0       0       0       0       0       0 6956.25       0       0       0       0       0       0       0       0       0       0       0       0       0       0       0       0       0       0       0       0       0       0       0       0       0 4344.71 5967.59 1138.41 477.921       0 726.539 2112.36 2082.25       0       0       0       0       0       0       0       0       0
      0       0       0       0       0       0 4985.19       0       0       0       0       0       0       0       0       0       0       0       0       0       0       0       0       0       0       0       0       0       0       0       0       0       0       0       0       0       0 7762.54       0       0       0       0       0       0       0       0       0       0       0       0       0       0       0       0       0       0 5981.42       0       0 1350.29  881.53 726.539       0 683.717 881.368       0       0       0       0       0       0       0       0       0
      0       0       0       0       0       0       0       0       0       0       0       0       0       0       0       0       0       0       0       0       0       0       0       0       0       0       0       0       0       0       0       0       0       0       0 5573.53 4108.16 3959.63 5157.67       0       0       0       0       0       0       0       0       0       0       0       0       0       0       0       0       0       0       0       0 1037.14 993.438 2112.36 683.717       0 1712.19       0  7551.4       0       0       0       0       0       0       0
      0       0       0       0       0       0 8324.37       0       0 6142.89       0       0       0       0       0       0       0       0       0       0       0       0       0       0       0       0       0       0       0       0       0       0       0 8388.28       0 7759.79 4299.31 8926.74 8285.56 1941.75 2207.52       0       0       0       0       0       0       0       0       0       0       0       0       0       0       0       0       0       0       0       0 2082.25 881.368 1712.19       0 560.278 1568.24 1489.32       0       0       0       0       0       0
      0       0       0       0       0       0       0 6280.62       0       0 5331.74       0       0       0       0       0       0       0       0       0       0       0       0       0       0       0       0       0       0       0       0       0       0       0       0 7753.79  2782.9 662.778 1288.86  1124.3       0       0       0       0       0       0       0       0       0       0       0       0       0       0       0       0       0       0       0       0       0       0       0       0 560.278       0 719.969 1643.99 5760.32       0       0       0       0       0
      0       0       0       0       0 7790.64       0 7800.61       0       0       0 4617.61       0       0       0       0       0       0       0       0       0       0       0       0       0       0       0       0       0       0       0       0       0       0       0 5348.51 5936.57 1343.41 2491.72 2085.41 4641.56 1302.75 7938.03       0       0       0       0       0       0       0       0       0       0       0       0       0       0       0       0       0       0       0       0  7551.4 1568.24 719.969       0 2470.97       0       0       0       0       0       0
      0       0       0       0       0       0 5412.95 3177.19 3138.37 1935.53 301.913 2252.53       0       0       0       0       0       0       0       0       0       0       0       0       0       0       0       0       0       0       0       0       0       0       0       0       0 8505.39 3556.18  1224.3 306.332 878.116 463.499       0       0       0       0       0       0       0       0       0       0       0       0       0       0       0       0       0       0       0       0       0 1489.32 1643.99 2470.97       0       0       0       0       0       0       0
      0       0       0       0       0       0 6081.01       0       0       0       0       0       0       0       0       0       0       0       0       0       0       0       0       0       0       0       0       0       0       0       0       0       0       0       0       0       0 1172.28       0       0 2283.58       0       0       0       0       0       0       0       0       0       0       0       0       0       0       0       0       0       0       0       0       0       0       0       0 5760.32       0       0       0 985.732       0       0       0       0
      0       0       0       0       0       0 6843.97       0       0       0       0       0       0       0       0       0       0       0       0       0       0       0       0       0       0       0       0       0       0       0       0       0       0       0       0 206.432 2319.92 411.467       0       0       0       0       0       0       0       0       0       0       0       0       0       0       0       0       0       0       0       0       0       0       0       0       0       0       0       0       0       0 985.732       0   20143       0 2239.97 5758.93
      0       0       0       0       0       0       0       0       0       0       0       0       0       0       0       0       0       0       0       0       0       0       0       0       0       0       0       0       0       0       0       0       0       0       0       0       0       0       0       0       0       0       0       0       0       0       0       0       0       0       0       0       0       0       0       0       0       0       0       0       0       0       0       0       0       0       0       0       0   20143       0   12449       0       0
      0       0       0       0       0       0       0       0       0       0       0       0       0       0       0       0       0       0       0       0       0       0       0       0       0       0       0       0       0       0       0       0       0       0       0       0       0       0       0       0       0       0       0       0       0       0       0       0       0       0       0       0       0       0       0       0       0       0       0       0       0       0       0       0       0       0       0       0       0       0   12449       0 2280.83 4608.91
      0       0       0       0       0       0       0       0       0       0       0       0       0       0       0       0       0       0       0       0       0       0       0       0       0       0       0       0       0       0       0       0       0       0       0       0       0       0       0       0       0       0       0       0       0       0       0       0       0       0       0       0       0       0       0       0       0       0       0       0       0       0       0       0       0       0       0       0       0 2239.97       0 2280.83       0 1528.27
      0       0       0       0       0       0       0       0       0       0       0       0       0       0       0       0       0       0       0       0       0       0       0       0       0       0       0       0       0       0       0       0       0       0       0       0       0       0       0       0       0       0       0       0       0       0       0       0       0       0       0       0       0       0       0       0       0       0       0       0       0       0       0       0       0       0       0       0       0 5758.93       0 4608.91 1528.27       0