0.995279
0.928808
0.89865
0.928652
0.890154
0.907053
0.91331
0.886168
0.907439
0.857206
0.778304
0.680861
0.389166
0.861611
0.806666
0.803107
0.838137
0.843001
0.648669
0.572926
0.692379
0.825682
0.824243
0.824238
0.818193
0.813519
0.840629
0.851436
0.823126
0.797399
0.87938
0.801976
0.867682
0.859787
0.566244
0.738051
0.931462
0.873846
0.922859
0.918028
0.88607
0.797126
0.785008
0.532426
0.790144
0.793633
0.860055
0.855007
0.876947
0.838295
0.836165
0.789379
0.791698
0.796847
0.791156
0.727071
0.799183
0.843344
0.845852
0.862151
0.868914
0.869738
0.8422
0.526145
0.86355
0.797938
0.817822
0.841838
0.646357
0.580586
0.718556
0.903739
0.907428
0.882001